4.0 23.0
4.0 23.0
4.0 23.0
4.0 23.0
4.0 23.0
4.0 23.0
4.0 23.0
4.0 23.0
4.0 23.0
4.0 23.0
4.0 23.0
4.0 23.0
4.0 23.0
4.0 23.0
4.0 23.0
4.0 23.0
4.0 23.0
4.0 23.0
4.0 23.0
4.0 23.0
4.0 23.0
4.0 23.0
4.0 23.0
4.0 23.0
4.0 23.0
4.0 23.0
4.0 23.0
4.0 23.0
4.0 23.0
4.0 23.0
4.0 23.0
4.0 23.0
4.0 23.0
4.0 23.0
5.0 24.0
5.0 24.0
8.0 24.0
8.0 24.0
11.0 24.0
12.0 24.0
14.0 24.0
15.0 24.0
17.0 24.0
19.0 24.0
20.0 24.0
20.0 24.0
23.0 24.0
25.0 25.0
26.0 25.0
26.0 25.0
26.0 25.0
26.0 25.0
26.0 25.0
26.0 25.0
26.0 25.0
26.0 25.0
26.0 25.0
26.0 26.0
26.0 28.0
27.0 30.0
27.0 30.0
27.0 33.0
27.0 34.0
27.0 36.0
27.0 37.0
27.0 38.0
27.0 40.0
27.0 42.0
27.0 43.0
27.0 44.0
27.0 46.0
28.0 48.0
28.0 48.0
28.0 50.0
28.0 51.0
28.0 51.0
28.0 51.0
28.0 51.0
28.0 51.0
28.0 51.0
28.0 51.0
28.0 51.0
28.0 51.0
29.0 50.0
30.0 50.0
30.0 50.0
31.0 50.0
33.0 49.0
34.0 49.0
35.0 48.0
36.0 48.0
36.0 48.0
36.0 48.0
37.0 49.0
38.0 50.0
39.0 50.0
40.0 51.0
41.0 52.0
43.0 53.0
43.0 53.0
44.0 53.0
46.0 53.0
47.0 53.0
47.0 53.0
51.0 54.0
51.0 54.0
54.0 54.0
54.0 54.0
56.0 55.0
58.0 55.0
59.0 55.0
61.0 55.0
61.0 55.0
